 200 0.0530375 0.945262
 200 0.0530375 0.943742
 200 0.0530375 0.94124
 200 0.0530375 0.937758
 200 0.0530375 0.933294
 200 0.0530375 0.92785
 200 0.0530375 0.921424
 200 0.0530971 0.914084
 200 0.0536319 0.90629
 200 0.0550212 0.898643
 200 0.0574806 0.892195
 200 0.0605177 0.887411
 200 0.0639906 0.884717
 200 0.0678308 0.883485
 200 0.072009 0.882944
 200 0.076527 0.882813
 200 0.0813891 0.882881
 200 0.0866026 0.883008
 200 0.0921746 0.883113
 200 0.0981097 0.883162
 200 0.10441 0.883146
 200 0.111077 0.883072
 199.999 0.118109 0.882957
 199.999 0.125506 0.882816
 199.999 0.133267 0.882664
 199.999 0.141391 0.882515
 199.999 0.149877 0.882377
 199.998 0.158726 0.882253
 199.998 0.167938 0.882145
 199.998 0.177512 0.882052
 199.997 0.187422 0.881927
 199.997 0.197711 0.881837
 199.997 0.208368 0.881779
 199.996 0.219388 0.88174
 199.996 0.230769 0.881712
 199.995 0.242509 0.881778
 199.995 0.25461 0.881881
 199.994 0.267073 0.882041
 199.993 0.279896 0.882218
 199.993 0.293082 0.882286
 199.992 0.30663 0.882204
 199.991 0.320539 0.882108
 199.991 0.334812 0.882017
 199.99 0.349452 0.881909
 199.989 0.364452 0.881819
 199.988 0.379822 0.881954
 199.987 0.395544 0.882188
 199.986 0.411639 0.882343
 199.985 0.428125 0.882526
 199.984 0.444944 0.88266
 199.983 0.462123 0.882679
 199.982 0.479656 0.882694
 199.98 0.497557 0.882718
 199.979 0.515809 0.882636
 199.978 0.534421 0.882505
 199.976 0.553399 0.882425
 199.975 0.57274 0.882312
 199.973 0.592445 0.882112
 199.972 0.612504 0.881835
 199.97 0.632928 0.881779
 199.968 0.653721 0.882009
 199.967 0.674853 0.882174
 199.965 0.696335 0.8822
 199.963 0.718186 0.882165
 199.961 0.740406 0.882157
 199.959 0.762994 0.882138
 199.957 0.785919 0.882154
 199.955 0.809197 0.882209
 199.953 0.832838 0.882201
 199.951 0.856845 0.882174
 199.949 0.88121 0.882151
 199.947 0.905939 0.882165
 199.945 0.931053 0.882234
 199.942 0.956504 0.882211
 199.94 0.982294 0.882076
 199.937 1.00847 0.882055
 199.935 1.03498 0.882091
 199.932 1.06184 0.882122
 199.93 1.08909 0.882252
 199.927 1.1167 0.882402
 199.924 1.14468 0.882603
 199.922 1.17302 0.882758
 199.919 1.20175 0.882852
 199.916 1.23087 0.883057
 199.913 1.26035 0.883254
 199.909 1.29018 0.88343
 199.906 1.32037 0.883553
 199.903 1.351 0.883692
 199.9 1.38201 0.883956
 199.896 1.41339 0.884129
 199.893 1.44514 0.884244
 199.889 1.47726 0.884258
 199.886 1.50975 0.8843
 199.882 1.5426 0.884288
 199.878 1.57581 0.884205
 199.874 1.60938 0.884219
 199.87 1.64331 0.884226
 199.866 1.67761 0.884208
 199.862 1.71226 0.884229
 199.858 1.74728 0.884237
 199.853 1.78266 0.884235
 199.849 1.8184 0.884182
 199.845 1.85451 0.884181
 199.84 1.89096 0.884117
 199.835 1.92778 0.8841
 199.831 1.96495 0.884065
 199.826 2.0025 0.884105
 199.821 2.0404 0.88416
 199.816 2.07866 0.884188
 199.811 2.11728 0.884189
 199.806 2.15626 0.884085
 199.8 2.19559 0.884078
 199.795 2.23528 0.884072
 199.79 2.27533 0.884066
 199.784 2.31574 0.884061
 199.778 2.35649 0.884043
 199.773 2.39761 0.884053
 199.767 2.43908 0.884065
 199.761 2.48091 0.884012
 199.755 2.5231 0.884014
 199.749 2.56564 0.884012
 199.743 2.60854 0.88406
 199.737 2.6518 0.884056
 199.73 2.69541 0.884085
 199.724 2.73937 0.884069
 199.717 2.78369 0.88407
 199.711 2.82836 0.884091
 199.704 2.87338 0.884072
 199.697 2.91875 0.884032
 199.69 2.96446 0.883988
 199.683 3.01054 0.883974
 199.676 3.05695 0.883954
 199.669 3.1037 0.8839
 199.662 3.15083 0.883942
 199.654 3.19831 0.883945
 199.647 3.24613 0.884005
 199.639 3.2943 0.884034
 199.631 3.34282 0.884052
 199.623 3.39169 0.884022
 199.615 3.44091 0.883969
 199.607 3.49048 0.883972
 199.599 3.5404 0.883955
 199.591 3.59067 0.883958
 199.582 3.64128 0.883948
 199.574 3.69224 0.883979
 199.565 3.74354 0.883939
 199.557 3.79519 0.883938
 199.548 3.84718 0.883943
 199.539 3.89952 0.883927
 199.53 3.95219 0.88385
 199.52 4.00521 0.883824
 199.511 4.05858 0.883854
 199.502 4.1123 0.883908
 199.492 4.16634 0.883886
 199.482 4.22074 0.883851
 199.472 4.27547 0.883847
 199.462 4.33054 0.88384
 199.452 4.38596 0.883833
 199.442 4.44171 0.883887
 199.432 4.4978 0.883899
 199.421 4.55424 0.883898
 199.411 4.61101 0.883885
 199.4 4.66811 0.883845
 199.389 4.72556 0.883847
 199.378 4.78334 0.88388
 199.367 4.84146 0.883859
 199.356 4.89991 0.883871
 199.344 4.9587 0.88386
 199.333 5.01783 0.883846
 199.321 5.07728 0.883815
 199.309 5.13707 0.883816
 199.298 5.19719 0.88379
 199.285 5.25765 0.883788
 199.273 5.31844 0.88376
 199.261 5.37957 0.883734
 199.248 5.44102 0.883723
 199.236 5.50281 0.883707
 199.223 5.56492 0.883708
 199.21 5.62737 0.883735
 199.197 5.69014 0.883762
 199.184 5.75324 0.883802
 199.17 5.81667 0.883813
 199.157 5.88042 0.883781
 199.143 5.94451 0.883774
 199.129 6.00891 0.883737
 199.115 6.07365 0.883737
 199.101 6.1387 0.883724
 199.087 6.20409 0.883725
 199.072 6.26979 0.883735
 199.058 6.33583 0.883716
 199.043 6.40218 0.883732
 199.028 6.46885 0.883762
 199.013 6.53585 0.883784
 198.998 6.60316 0.883773
 198.982 6.6708 0.883762
 198.967 6.73875 0.883707
 198.951 6.80703 0.883688
 198.935 6.87561 0.88366
 198.919 6.94452 0.883677
 198.903 7.01375 0.883666
 198.886 7.08329 0.883637
 198.87 7.15315 0.883653
 198.853 7.22333 0.883667
 198.836 7.29382 0.883664
 198.819 7.36462 0.88363
